proj:       3
zone:       0
north:      46:41:16.8N
south:      44:35:51.046753N
east:       11:29:56.4E
west:       8:18:07.2E
cols:       237
rows:       155
e-w resol:  0:00:48.562025
n-s resol:  0:00:48.553247
top:        0.500000000000000
bottom:     -0.500000000000000
cols3:      3
rows3:      2
depths:     1
e-w resol3: 1:03:56.4
n-s resol3: 1:02:42.876624
t-b resol:  1
