proj:       99
zone:       0
north:      5165425
south:      4947453.5
east:       1691652.45507812
west:       1460685.875
cols:       462
rows:       436
e-w resol:  499.92766251
n-s resol:  499.93463303
top:        1
bottom:     0
cols3:      230967
rows3:      217972
depths:     1
e-w resol3: 0.99999818
n-s resol3: 0.99999771
t-b resol:  1
