proj:       3
zone:       0
north:      46:41:16.8N
south:      44:36:39.6N
east:       11:29:56.4E
west:       8:18:07.2E
cols:       51
rows:       33
e-w resol:  0:03:45.670588
n-s resol:  0:03:46.581818
top:        0.500000000000000
bottom:     -0.500000000000000
cols3:      3
rows3:      2
depths:     1
e-w resol3: 1:03:56.4
n-s resol3: 1:02:18.6
t-b resol:  1
