proj:       3
zone:       0
north:      46:38:05.225506N
south:      44:40:45.31361N
east:       11:25:46.2744E
west:       8:29:55.18501E
cols:       3
rows:       2
e-w resol:  0:58:37.029797
n-s resol:  0:58:39.955948
top:        1
bottom:     0
cols3:      3
rows3:      2
depths:     1
e-w resol3: 0:58:37.029797
n-s resol3: 0:58:39.955948
t-b resol:  1
