proj:       3
zone:       0
north:      46:38:06.343134N
south:      44:40:43.300951N
east:       11:25:38.327118E
west:       8:29:56.192549E
cols:       46
rows:       31
e-w resol:  0:03:49.176838
n-s resol:  0:03:47.194909
format:     -1
compressed: 1
