proj:       3
zone:       0
north:      46:41:16.8N
south:      44:36:39.6N
east:       11:29:56.4E
west:       8:18:07.2E
cols:       51
rows:       33
e-w resol:  0:03:45.670588
n-s resol:  0:03:46.581818
format:     -1
compressed: 1
