proj:       3
zone:       0
north:      46:38:05.225506N
south:      44:40:45.31361N
east:       11:25:46.2744E
west:       8:29:55.18501E
cols:       47
rows:       31
e-w resol:  0:03:44.491264
n-s resol:  0:03:47.093932
format:     -1
compressed: 1
