proj:       3
zone:       0
north:      46:41:16.8N
south:      44:35:51.046753N
east:       11:29:56.4E
west:       8:18:07.2E
cols:       237
rows:       155
e-w resol:  0:00:48.562025
n-s resol:  0:00:48.553247
format:     0
compressed: 1
