proj:       3
zone:       0
north:      46:41:16.8N
south:      44:36:39.6N
east:       11:33:42.070588E
west:       8:18:07.2E
cols:       52
rows:       33
e-w resol:  0:03:45.670588
n-s resol:  0:03:46.581818
format:     0
compressed: 1
