proj:       3
zone:       0
north:      46:38:06.343134N
south:      44:40:43.300951N
east:       11:25:38.327118E
west:       8:29:56.192549E
cols:       12
rows:       8
e-w resol:  0:14:38.511214
n-s resol:  0:14:40.380273
format:     -1
compressed: 1
