proj:       3
zone:       0
north:      46:41:16.8N
south:      44:36:39.6N
east:       11:29:56.4E
west:       8:18:07.2E
cols:       237
rows:       154
e-w resol:  0:00:48.562025
n-s resol:  0:00:48.553247
format:     -1
compressed: 1
