proj:       99
zone:       0
north:      5165424.15114777
south:      4947453.65114547
east:       1691651.92439637
west:       1460686.34431643
cols:       4619
rows:       4359
e-w resol:  50.00337304
n-s resol:  50.00470291
format:     -1
compressed: 1
