proj:       99
zone:       0
north:      5165324.62844037
south:      4947353.12844037
east:       1691255.28226035
west:       1460788.62984473
cols:       461
rows:       436
e-w resol:  499.92766251
n-s resol:  499.93463303
format:     0
compressed: 1
