proj:       99
zone:       0
north:      5165460
south:      4947383
east:       1691467
west:       1460708.00012207
cols:       46
rows:       31
e-w resol:  5016.49999735
n-s resol:  7034.74193548
format:     -1
compressed: 1
