proj:       99
zone:       0
north:      5165460
south:      4947383
east:       1691467
west:       1460708.00012207
cols:       12
rows:       8
e-w resol:  19229.91665649
n-s resol:  27259.625
format:     -1
compressed: 1
