proj:       99
zone:       0
north:      5165460
south:      4947383
east:       1691467
west:       1460708.00012207
cols:       23
rows:       16
e-w resol:  10032.99999469
n-s resol:  13629.8125
format:     -1
compressed: 1
